0000000000001001
0000000000011100
0000000000110100
0000000000110101
0000000000110111
0000000001101101
0000000001111111
0000000010000011
0000000010001000
0000000010001111
0000000010011100
0000000010110010
0000000010110111
0000000010111010
0000000010111010
0000000011011101
0000000011100110
0000000011100111
0000000011110110
0000000100000110
0000000100000111
0000000100010001
0000000100011011
0000000100101001
0000000100110101
0000000101001010
0000000101001011
0000000101100010
0000000101111010
0000000110001110
0000000110101110
0000000111111000
0000001000000011
0000001000010100
0000001000110001
0000001000111011
0000001001000101
0000001001001001
0000001001100000
0000001010001001
0000001010010110
0000001010011101
0000001011011001
0000001011111111
0000001100000100
0000001100000110
0000001100011001
0000001100101111
0000001100101111
0000001100110001
0000001100110010
0000001101001100
0000001101100010
0000001101101011
0000001101110001
0000001111001001
0000001111111010
0000010000000011
0000010001010010
0000010010000001
0000010010001001
0000010010001110
0000010010011110
0000010010100011
0000010010101101
0000010011001000
0000010011010001
0000010011011101
0000010011100100
0000010011100110
0000010011101011
0000010011101110
0000010011110110
0000010101001101
0000010101010111
0000010101011010
0000010101110100
0000010101111110
0000010110110100
0000010110111011
0000010110111110
0000010111001010
0000010111010011
0000010111111010
0000010111111110
0000011000000011
0000011001000101
0000011001000110
0000011010000100
0000011010011010
0000011010111011
0000011011110100
0000011100110100
0000011100111011
0000011101010001
0000011101010001
0000011101101000
0000011110011101
0000011110111110
0000011110111111
0000011111000011
0000011111001001
0000011111001100
0000011111100010
0000011111110110
0000100000000101
0000100000000111
0000100000001000
0000100000001011
0000100000010111
0000100000011101
0000100001000111
0000100001001100
0000100001001111
0000100001010000
0000100001010010
0000100001010011
0000100001100110
0000100001101111
0000100001110000
0000100001110110
0000100010010001
0000100010011111
0000100010101011
0000100010101110
0000100010110110
0000100011001110
0000100100001001
0000100100100100
0000100100101001
0000100100110010
0000100100110011
0000100100110110
0000100100111000
0000100101010111
0000100110000000
0000100110011100
0000100110101010
0000100110110001
0000100111000011
0000100111000110
0000100111001111
0000100111010011
0000100111010101
0000100111110001
0000100111111001
0000101000101010
0000101000111101
0000101000111101
0000101001101000
0000101001110010
0000101010101011
0000101011000000
0000101011000000
0000101011001001
0000101011001010
0000101011010101
0000101011110100
0000101011110101
0000101011111000
0000101011111111
0000101100100001
0000101100100101
0000101101000001
0000101101101000
0000101110000001
0000101110110101
0000101110111101
0000101111000110
0000101111011011
0000101111100111
0000101111101001
0000101111110010
0000101111110011
0000101111110100
0000110000010011
0000110000011011
0000110000011100
0000110000011111
0000110000100011
0000110000110001
0000110000111011
0000110000111101
0000110001000000
0000110001001110
0000110001010001
0000110001100110
0000110010100001
0000110010100111
0000110010101101
0000110010110100
0000110010111011
0000110011101000
0000110100001110
0000110100010011
0000110100011011
0000110100011111
0000110100110011
0000110101000010
0000110101001011
0000110101001110
0000110101100001
0000110101111010
0000110110010111
0000110110101110
0000110110110100
0000110110111011
0000110111011101
0000110111100001
0000110111101010
0000110111101111
0000110111110010
0000111000000000
0000111000011110
0000111000011111
0000111000110010
0000111001010100
0000111001010111
0000111001010111
0000111001101011
0000111001101100
0000111001110001
0000111001111100
0000111001111111
0000111010000111
0000111010001001
0000111010101001
0000111010110000
0000111010110110
0000111011001001
0000111011011010
0000111011110110
0000111011111010
0000111011111101
0000111100010100
0000111100010101
0000111100111010
0000111101000010
0000111101000110
0000111101010001
0000111101111000
0000111110100000
0000111111010100
0000111111100100
0000111111100110
0000111111101011
0001000000000101
0001000000100110
0001000000110100
0001000000110110
0001000000111010
0001000000111101
0001000001001000
0001000001001010
0001000001010011
0001000001011101
0001000001100101
0001000010011010
0001000010011111
0001000010101111
0001000010110101
0001000011001011
0001000011010000
0001000011011001
0001000011110100
0001000100010100
0001000100010110
0001000100010111
0001000100011010
0001000100011011
0001000100100110
0001000100100110
0001000100100111
0001000100101000
0001000101001110
0001000101011011
0001000101111000
0001000110100001
0001000110101011
0001000110101100
0001000110110011
0001000110110100
0001000111100110
0001000111100110
0001000111100111
0001000111101000
0001000111101110
0001001000000110
0001001000110001
0001001000110011
0001001001100100
0001001001100100
0001001001100101
0001001001101000
0001001010000100
0001001010001100
0001001010001110
0001001010101100
0001001011100111
0001001100001100
0001001100001101
0001001100001101
0001001100010110
0001001100011101
0001001100111011
0001001101000001
0001001101001101
0001001101001101
0001001101011101
0001001101100101
0001001101111101
0001001101111111
0001001110000010
0001001110001010
0001001110001110
0001001110010011
0001001110111010
0001001111000010
0001001111001110
0001001111011001
0001001111100001
0001010000010001
0001010000011001
0001010000100010
0001010000100100
0001010001000111
0001010001101101
0001010010001001
0001010010001011
0001010010010000
0001010010111111
0001010011000001
0001010011000011
0001010011001110
0001010011011000
0001010011100010
0001010011101110
0001010100000001
0001010100000011
0001010100000111
0001010100011110
0001010101010010
0001010110001100
0001010110011001
0001010111001111
0001010111011100
0001010111101000
0001011000011010
0001011000101111
0001011001001101
0001011001001110
0001011001001111
0001011001100100
0001011001101001
0001011001101001
0001011001110101
0001011001110111
0001011010001000
0001011010010110
0001011010100101
0001011010101001
0001011010101101
0001011011111001
0001011100011000
0001011100100110
0001011100101111
0001011110000100
0001011110000100
0001011110010001
0001011110100001
0001011110101100
0001011111001001
0001011111101011
0001100000000010
0001100000010100
0001100000010111
0001100000111110
0001100001001010
0001100001001101
0001100001010000
0001100001010100
0001100001100111
0001100001101000
0001100001101010
0001100001101010
0001100010000101
0001100010001011
0001100010011010
0001100010011101
0001100010011110
0001100010011110
0001100010101110
0001100010101111
0001100010111101
0001100011001110
0001100011010000
0001100011010111
0001100011011101
0001100011101001
0001100011101111
0001100100001001
0001100100101010
0001100100110100
0001100100111010
0001100100111111
0001100101000101
0001100101001100
0001100101101111
0001100110000011
0001100110000101
0001100110001010
0001100110010110
0001100110011001
0001100110100010
0001100110101100
0001100110101111
0001100111011001
0001100111011110
0001100111100110
0001101000000000
0001101000000010
0001101000011000
0001101000011110
0001101000100111
0001101000110110
0001101001001000
0001101001101100
0001101010000100
0001101010110001
0001101010110001
0001101011001101
0001101011100111
0001101011110101
0001101100001110
0001101100001111
0001101100010100
0001101100011001
0001101101111001
0001101110001110
0001101110100010
0001101110101011
0001101110101110
0001101110110100
0001101111000011
0001101111001001
0001101111100010
0001101111111110
0001110000010010
0001110000010100
0001110000011010
0001110000011110
0001110000101100
0001110000101111
0001110000110001
0001110000110101
0001110000111011
0001110001000001
0001110001111101
0001110010011111
0001110011100010
0001110011101011
0001110011110100
0001110011111101
0001110100000111
0001110100001000
0001110100011001
0001110100110100
0001110100111010
0001110101101010
0001110101111110
0001110110011010
0001110110011111
0001110110100111
0001110110101011
0001110111001001
0001110111010010
0001110111100000
0001110111100101
0001110111100111
0001110111101110
0001110111110100
0001111000100011
0001111001001001
0001111001100101
0001111001101100
0001111010000110
0001111011000000
0001111011011111
0001111011111001
0001111100001001
0001111100100010
0001111100101010
0001111100101100
0001111100110000
0001111100110111
0001111101000101
0001111101101000
0001111101101000
0001111101101011
0001111101110000
0001111101110011
0001111101110101
0001111111001101
0001111111010001
0001111111011110
0001111111100101
0001111111110110
0010000000001101
0010000000011000
0010000000110000
0010000001001100
0010000001011100
0010000001100100
0010000001110001
0010000010000111
0010000010001000
0010000010001000
0010000010010011
0010000010010101
0010000010110111
0010000011000101
0010000011100011
0010000011101000
0010000011110011
0010000011110101
0010000100100100
0010000100100101
0010000100110101
0010000101001110
0010000110000000
0010000110000001
0010000110001010
0010000110001111
0010000110010100
0010000110010101
0010000110100001
0010000110101101
0010000110110001
0010000110110101
0010000111001011
0010000111100011
0010001000000010
0010001000000100
0010001000001011
0010001000001100
0010001000001111
0010001000100100
0010001000110000
0010001001000010
0010001001101011
0010001001101111
0010001010001111
0010001010010100
0010001010111011
0010001011010100
0010001011101100
0010001011101110
0010001011110010
0010001011110110
0010001100000101
0010001100010010
0010001100010110
0010001100100011
0010001100100011
0010001100100111
0010001101001001
0010001101010110
0010001101100111
0010001101101101
0010001101110100
0010001101111011
0010001110001001
0010001110010111
0010001110011010
0010001110100001
0010001110100101
0010001110110001
0010001111010001
0010001111010011
0010001111100100
0010001111100111
0010001111111001
0010010000010011
0010010001010111
0010010001100010
0010010001110011
0010010001111001
0010010001111100
0010010010000100
0010010010000100
0010010010001111
0010010010010110
0010010010100000
0010010011001100
0010010011010001
0010010011010001
0010010011100001
0010010011100011
0010010011100011
0010010011100100
0010010011101010
0010010011110100
0010010011111110
0010010100000010
0010010100000011
0010010100001000
0010010100011001
0010010100101001
0010010101000101
0010010101100101
0010010101111001
0010010110000011
0010010111000101
0010010111110010
0010010111111011
0010011000000010
0010011000011001
0010011000100111
0010011000101100
0010011001001011
0010011001010010
0010011001011011
0010011001100001
0010011001100110
0010011010000010
0010011010100101
0010011011001001
0010011011010101
0010011011011011
0010011011011110
0010011011100010
0010011011101011
0010011011101011
0010011011101100
0010011100010010
0010011100011010
0010011100111011
0010011100111100
0010011101011011
0010011101100010
0010011101110101
0010011101111100
0010011110000010
0010011110001001
0010011110010000
0010011110010110
0010011110011011
0010011111011010
0010011111011010
0010011111110000
0010011111110001
0010011111111000
0010100001011000
0010100001100010
0010100001100110
0010100001111001
0010100010000110
0010100010000111
0010100010010110
0010100010011110
0010100010100010
0010100010101000
0010100010110101
0010100010111001
0010100011001011
0010100011011010
0010100100010000
0010100100101010
0010100101000011
0010100101000111
0010100101001010
0010100101001101
0010100101010001
0010100101010010
0010100101011001
0010100101011101
0010100101101101
0010100101110000
0010100101111101
0010100110010011
0010100110011011
0010100110110111
0010100110111001
0010100111000000
0010100111001001
0010100111100100
0010100111101011
0010100111110100
0010100111110111
0010101000000100
0010101000001000
0010101000010010
0010101000010100
0010101000010100
0010101000010100
0010101000011011
0010101000110011
0010101001001011
0010101001101100
0010101001101100
0010101001110011
0010101010001010
0010101010001111
0010101010011001
0010101010101011
0010101010110000
0010101010110100
0010101011011111
0010101011101000
0010101011110101
0010101100001001
0010101100001101
0010101100100000
0010101101011011
0010101101100000
0010101101110101
0010101101110110
0010101101110111
0010101101111000
0010101110001101
0010101110001101
0010101110011010
0010101110100000
0010101110101110
0010101111000010
0010101111011101
0010101111110010
0010101111111101
0010110000010000
0010110000100010
0010110000100111
0010110000101011
0010110000110101
0010110001000111
0010110001001100
0010110001001100
0010110001011011
0010110001101011
0010110010000110
0010110010010111
0010110011101101
0010110011110011
0010110100000010
0010110100001010
0010110100001011
0010110100100011
0010110100100110
0010110100101101
0010110100110100
0010110100110101
0010110101001101
0010110101111101
0010110110001110
0010110110100100
0010110111010111
0010110111100001
0010111000000010
0010111000000100
0010111000001011
0010111000010111
0010111000100000
0010111000100000
0010111000100011
0010111000111011
0010111000111011
0010111001100101
0010111001110001
0010111001110001
0010111001111001
0010111001111101
0010111001111101
0010111010000011
0010111010010101
0010111010111010
0010111011010000
0010111011011011
0010111011011101
0010111011110001
0010111011110100
0010111011110101
0010111011110111
0010111011111101
0010111011111101
0010111100101010
0010111101010000
0010111101100101
0010111101111100
0010111110001001
0010111110101001
0010111110110001
0010111111011100
0010111111110001
0010111111110001
0010111111110100
0011000000111110
0011000001000000
0011000001001001
0011000001010111
0011000010001001
0011000010001101
0011000010011011
0011000010101110
0011000011100100
0011000100000011
0011000100001110
0011000100010001
0011000100010100
0011000100111000
0011000101000001
0011000101001000
0011000101001010
0011000101010100
0011000101010110
0011000101011000
0011000101011101
0011000101101100
0011000101110100
0011000101111000
0011000110000011
0011000110010001
0011000110111010
0011000111000110
0011000111010101
0011000111011111
0011000111011111
0011000111100101
0011001000010101
0011001010000101
0011001010000110
0011001010001100
0011001010100111
0011001010101000
0011001011000110
0011001011010010
0011001011011101
0011001011011111
0011001011101010
0011001011110000
0011001100010111
0011001100011000
0011001100110100
0011001100110101
0011001101000001
0011001101001101
0011001101010010
0011001101101111
0011001110001111
0011001110100001
0011001110100010
0011001110101000
0011001110101001
0011001110101001
0011001110101111
0011001110110001
0011001110111111
0011001111001100
0011001111010110
0011001111110100
0011010000000000
0011010000001000
0011010000100110
0011010001001010
0011010001010010
0011010001011111
0011010001100010
0011010001110011
0011010001111001
0011010010001001
0011010010011100
0011010010110100
0011010010110111
0011010011000101
0011010011011001
0011010011101100
0011010011110100
0011010100000001
0011010100000100
0011010100011011
0011010100110100
0011010101100101
0011010101110100
0011010110100111
0011010110111101
0011010111010001
0011010111110111
0011011000001011
0011011000001100
0011011000101111
0011011000110011
0011011001010010
0011011001010110
0011011001011101
0011011001011110
0011011010011101
0011011011011000
0011011011101110
0011011011101111
0011011100100101
0011011100101011
0011011100111101
0011011101000101
0011011101001000
0011011101010011
0011011101101011
0011011110011011
0011011110110110
0011011110111010
0011011111000011
0011011111010000
0011011111010110
0011011111110010
0011011111111101
0011100000001001
0011100000100110
0011100000110100
0011100000110100
0011100000110101
0011100000111001
0011100001111000
0011100001111111
0011100010000010
0011100010000011
0011100010010111
0011100010101011
0011100010110001
0011100011011001
0011100011100010
0011100011100011
0011100011101000
0011100011101100
0011100011110100
0011100101010011
0011100101100101
0011100101111011
0011100110000011
0011100110001001
0011100110100011
0011100110110011
0011100111001100
0011100111010010
0011100111011110
0011100111110001
0011101000000010
0011101000011000
0011101000100001
0011101000101011
0011101000110100
0011101001000001
0011101001101110
0011101001110111
0011101010000001
0011101010010000
0011101010010111
0011101010111010
0011101011000110
0011101011001000
0011101011010100
0011101100000101
0011101100010000
0011101100100101
0011101101000001
0011101101001001
0011101101010100
0011101101011010
0011101101100011
0011101101111101
0011101110001011
0011101110001111
0011101110101111
0011101110110010
0011101110111111
0011101111001111
0011101111101001
0011101111101011
0011101111110110
0011101111111111
0011110000001111
0011110000010111
0011110000011001
0011110000101111
0011110000101111
0011110000110101
0011110000111101
0011110001000100
0011110001101111
0011110010000110
0011110010001000
0011110010010110
0011110010100100
0011110010101111
0011110010110000
0011110010110110
0011110010111011
0011110011100010
0011110011101010
0011110011110110
0011110100001111
0011110100011000
0011110100110001
0011110101000110
0011110101001101
0011110101011111
0011110101011111
0011110101101111
0011110101111101
0011110110001101
0011110111101011
0011110111110011
0011110111111011
0011111000101011
0011111000110010
0011111001001000
0011111001101111
0011111010000100
0011111010000101
0011111010000111
0011111010001010
0011111010010000
0011111010010111
0011111010100111
0011111010110000
0011111011000000
0011111011100010
0011111011110100
0011111011111011
0011111011111110
0011111100010010
0011111100110101
0011111100111000
0011111101010100
0011111101010111
0011111101100000
0011111101100011
0011111101100011
0011111101100101
0011111101101000
0011111101110001
0011111101111100
0011111110000110
0011111110011110
0011111110011110
0011111110111011
0011111110111011
0011111111011110
0011111111110011
0100000000010001
0100000000011011
0100000001000000
0100000001001000
0100000001011001
0100000001101000
0100000001110110
0100000001111001
0100000010010111
0100000010101111
0100000010110100
0100000011000101
0100000011000111
0100000011010111
0100000011011000
0100000011110001
0100000100000111
0100000100100010
0100000100101111
0100000101110101
0100000110011001
0100000110011100
0100000110011110
0100000110100011
0100000110100110
0100000110100111
0100000110110111
0100000110111101
0100000110111111
0100000110111111
0100000111001110
0100000111010001
0100000111010010
0100000111101100
0100000111110001
0100001000000000
0100001000000011
0100001000010001
0100001000110011
0100001001011111
0100001001110001
0100001001110011
0100001001111110
0100001010001011
0100001010011000
0100001010011001
0100001010011101
0100001010111010
0100001011001011
0100001011001111
0100001011010111
0100001100001111
0100001100011011
0100001100100110
0100001100111000
0100001101000001
0100001101011100
0100001101111001
0100001110010011
0100001110010111
0100001110011101
0100001110111010
0100001111100101
0100010000010111
0100010000011100
0100010000011101
0100010000101011
0100010000110000
0100010000110101
0100010001011011
0100010001100101
0100010001101000
0100010001101110
0100010001110111
0100010010000000
0100010010011100
0100010010100011
0100010010101010
0100010011001000
0100010011001001
0100010011001110
0100010011011100
0100010100010010
0100010100010100
0100010100011010
0100010100100110
0100010101010101
0100010101100111
0100010110001011
0100010110011000
0100010110110010
0100010110110010
0100010110111000
0100010111100111
0100010111110000
0100010111110110
0100010111111100
0100011000000010
0100011000000100
0100011000011100
0100011000110001
0100011001100000
0100011010001010
0100011010100001
0100011010110010
0100011011010011
0100011011100011
0100011011100111
0100011100001000
0100011100010100
0100011101000001
0100011101100110
0100011110000000
0100011110101001
0100011110111001
0100011110111001
0100011111001110
0100011111100101
0100011111110011
0100011111110100
0100100000001011
0100100000010101
0100100000011010
0100100000110110
0100100000110111
0100100001000100
0100100001010001
0100100001011111
0100100001101111
0100100001110111
0100100001111100
0100100010010111
0100100010111010
0100100011000101
0100100011000111
0100100011010100
0100100011110101
0100100011110111
0100100100010100
0100100101011111
0100100101100110
0100100110000101
0100100110000110
0100100110001011
0100100110100100
0100100110100111
0100100110101011
0100100111000110
0100100111001000
0100100111110101
0100100111110110
0100101000000001
0100101000000110
0100101000010100
0100101000010100
0100101000100111
0100101000101101
0100101000110011
0100101000110111
0100101000111111
0100101001011111
0100101001100001
0100101001101010
0100101001101011
0100101010000100
0100101010001111
0100101010111001
0100101011001100
0100101011010001
0100101011011000
0100101011101101
0100101011110011
0100101100100101
0100101100100110
0100101100101101
0100101101011101
0100101101101011
0100101101110110
0100101110000101
0100101110000110
0100101110010011
0100101110100101
0100101111001000
0100101111011000
0100101111101001
0100101111101110
0100101111110101
0100101111111010
0100110000000111
0100110000010000
0100110000111101
0100110001001011
0100110001001101
0100110001001111
0100110001011101
0100110001110110
0100110001111010
0100110010110011
0100110010111000
0100110010111000
0100110010111110
0100110010111111
0100110011000000
0100110011000101
0100110011001000
0100110011011110
0100110100001011
0100110100010100
0100110100010101
0100110100100001
0100110100100101
0100110100110001
0100110101000100
0100110101000100
0100110101000111
0100110101010000
0100110101101011
0100110101111001
0100110110010110
0100110110010111
0100110110101110
0100110110110110
0100110111000101
0100110111000101
0100110111010111
0100110111101110
0100110111101111
0100110111111001
0100111000010010
0100111000110101
0100111001010111
0100111001011101
0100111001101010
0100111001110111
0100111010111110
0100111011001100
0100111011010000
0100111011011011
0100111011100111
0100111011110010
0100111100010001
0100111100010001
0100111100101101
0100111101011111
0100111101101010
0100111101101011
0100111101101011
0100111101101110
0100111110000110
0100111110100110
0100111110111101
0100111111000011
0100111111010111
0100111111011101
0100111111110111
0101000000001010
0101000000010001
0101000000010010
0101000000010110
0101000000011001
0101000000111000
0101000001001000
0101000001001101
0101000001011101
0101000001101100
0101000010001010
0101000010001111
0101000010100000
0101000010100011
0101000010101110
0101000010101111
0101000011100010
0101000011111110
0101000100000001
0101000100000100
0101000101011111
0101000101101101
0101000110000011
0101000110010100
0101000110101101
0101000110101111
0101000110110010
0101000110111010
0101000111000111
0101000111001101
0101000111011100
0101000111111111
0101001000001100
0101001000111110
0101001001000010
0101001001001011
0101001001001100
0101001001010110
0101001001100010
0101001001100101
0101001001101010
0101001001101011
0101001001111001
0101001010110100
0101001011001010
0101001011001110
0101001011010011
0101001011011001
0101001011100111
0101001011110000
0101001100000100
0101001100000111
0101001100100110
0101001100111000
0101001101000111
0101001101001010
0101001101001111
0101001101010011
0101001101100101
0101001101101111
0101001101110101
0101001110010110
0101001110101100
0101001110111001
0101001111100000
0101001111101110
0101001111101111
0101001111110010
0101010000000010
0101010000100010
0101010000111111
0101010001001001
0101010001010001
0101010001110001
0101010001110001
0101010010000010
0101010010001011
0101010010111000
0101010011010111
0101010011101011
0101010011110001
0101010011110001
0101010100000110
0101010100001011
0101010100010001
0101010100100100
0101010100100101
0101010100101000
0101010100101011
0101010100110001
0101010101011000
0101010101011110
0101010101100010
0101010110000000
0101010110001010
0101010110010011
0101010110100000
0101010110100100
0101010110110011
0101010111011011
0101010111011111
0101010111101101
0101011000000000
0101011000000111
0101011000001010
0101011000011011
0101011000100000
0101011000101010
0101011000101100
0101011000101110
0101011000111001
0101011001010001
0101011001101010
0101011001110001
0101011001111110
0101011010100000
0101011010101010
0101011011000010
0101011011001000
0101011011001001
0101011011110011
0101011100001011
0101011100010010
0101011100010100
0101011100010111
0101011100110000
0101011101011001
0101011101100010
0101011101100111
0101011101110101
0101011101111101
0101011110010100
0101011110011110
0101011110101001
0101011110110011
0101011110111001
0101011111001011
0101011111001011
0101011111011011
0101011111011100
0101011111100111
0101011111111000
0101100000000001
0101100000000110
0101100000010000
0101100000011000
0101100000011110
0101100000110100
0101100000111101
0101100000111110
0101100001001001
0101100001001110
0101100001110110
0101100001111000
0101100010000111
0101100010100110
0101100010101111
0101100011000110
0101100011000110
0101100011010011
0101100011010111
0101100011011111
0101100011011111
0101100011110111
0101100011111100
0101100100110100
0101100101101011
0101100101101011
0101100101110011
0101100101110100
0101100110110011
0101100110110100
0101100110111110
0101100111000011
0101100111001000
0101100111001000
0101100111010100
0101100111100001
0101100111100011
0101100111100101
0101101000000100
0101101000001101
0101101000011100
0101101000111010
0101101001000011
0101101001000011
0101101001000101
0101101001110011
0101101010001111
0101101011010110
0101101011011111
0101101011100100
0101101011111110
0101101100001111
0101101100010011
0101101100011001
0101101100110010
0101101101000000
0101101101000100
0101101101000111
0101101101100000
0101101101100001
0101101110000011
0101101110000011
0101101110001101
0101101110101100
0101101110110010
0101101110111001
0101101111000000
0101101111100101
0101110000101000
0101110000110010
0101110000111001
0101110001000111
0101110001000111
0101110001001111
0101110001010110
0101110010010100
0101110010010110
0101110010011001
0101110010100001
0101110010101100
0101110011000001
0101110011000100
0101110011000101
0101110011011101
0101110100001100
0101110100011111
0101110100110101
0101110101100011
0101110101100101
0101110101101000
0101110101101100
0101110110000110
0101110110011011
0101110110100010
0101110111001001
0101110111011011
0101110111011110
0101110111101101
0101110111110101
0101111000001101
0101111000011011
0101111000011100
0101111000110100
0101111001000111
0101111001001011
0101111001110011
0101111001110100
0101111001111000
0101111010010000
0101111010011001
0101111010100100
0101111011000101
0101111011011110
0101111011111101
0101111100000001
0101111100001100
0101111100010111
0101111100101111
0101111101001101
0101111101011000
0101111101101111
0101111101110101
0101111101110111
0101111110010100
0101111110110100
0101111111000110
0101111111011101
0110000000000011
0110000000100000
0110000000110100
0110000001000100
0110000001000111
0110000001101010
0110000001101110
0110000001111010
0110000010000000
0110000010101010
0110000010110100
0110000011001111
0110000011011010
0110000011011111
0110000011101000
0110000100000000
0110000100011111
0110000100100001
0110000101001111
0110000101110010
0110000101110011
0110000110001001
0110000110110100
0110000111110101
0110001000011001
0110001000011111
0110001001001001
0110001001001011
0110001001011100
0110001001011110
0110001001110010
0110001001111110
0110001010000001
0110001010001010
0110001010100011
0110001010101010
0110001010101110
0110001010110101
0110001010111101
0110001011000111
0110001011011101
0110001011111001
0110001100000010
0110001100001111
0110001100011100
0110001100100101
0110001101000001
0110001101000010
0110001101001101
0110001101010100
0110001101011100
0110001101011111
0110001101101111
0110001101110001
0110001101110101
0110001101111000
0110001110001001
0110001110001100
0110001110011111
0110001110100011
0110001110101011
0110001110110010
0110001111001110
0110001111010101
0110010000010011
0110010000100011
0110010000110101
0110010000110110
0110010001001000
0110010001010001
0110010001010100
0110010001011110
0110010001101101
0110010010010111
0110010010011000
0110010010110101
0110010011000101
0110010011010100
0110010011011001
0110010011011011
0110010100000000
0110010100010101
0110010100011011
0110010100110101
0110010100111010
0110010101011101
0110010101101010
0110010101110110
0110010110000010
0110010110000101
0110010110101010
0110010111000110
0110010111010010
0110010111101110
0110011000110110
0110011000111111
0110011001001111
0110011001010100
0110011001011011
0110011001111000
0110011001111111
0110011010001001
0110011010001100
0110011010010110
0110011010011010
0110011010011100
0110011011010100
0110011011011001
0110011011110000
0110011100011010
0110011100100100
0110011100101011
0110011100101100
0110011101001101
0110011101100101
0110011110001110
0110011110011010
0110011110100101
0110011110101001
0110011111000000
0110011111101100
0110100000001010
0110100000100010
0110100001000001
0110100001000100
0110100010000000
0110100010001001
0110100010010010
0110100010110011
0110100011000010
0110100011010110
0110100011100010
0110100011101001
0110100011101111
0110100100101001
0110100100110111
0110100100111011
0110100101000001
0110100101000011
0110100101001100
0110100110000110
0110100110010110
0110100110100001
0110100110110111
0110100111000011
0110100111010010
0110100111100100
0110100111100101
0110100111101011
0110100111111100
0110100111111111
0110101000010100
0110101000011100
0110101000110000
0110101000110110
0110101001000111
0110101001010000
0110101001011011
0110101001011111
0110101001101110
0110101001101111
0110101010001001
0110101010010111
0110101010011001
0110101010100110
0110101011010101
0110101011011000
0110101011100011
0110101011101101
0110101011110001
0110101100000111
0110101100100100
0110101100101111
0110101100111001
0110101100111011
0110101101001111
0110101101011011
0110101101100110
0110101101110011
0110101110000110
0110101110100101
0110101111110011
0110101111111001
0110101111111100
0110110000001101
0110110000100101
0110110001000101
0110110001001000
0110110001001100
0110110001100000
0110110001100001
0110110001110101
0110110010000111
0110110010001001
0110110010001101
0110110010100011
0110110010101010
0110110010101100
0110110010101111
0110110011100000
0110110011101011
0110110011111001
0110110100000001
0110110100011001
0110110100111010
0110110101011100
0110110101110001
0110110101111010
0110110110001101
0110110110010101
0110110110011100
0110110110011111
0110110110101110
0110110110110100
0110110110111110
0110110111000000
0110110111101011
0110110111110011
0110111000000011
0110111000000110
0110111000010100
0110111000100001
0110111001000101
0110111001000101
0110111001001110
0110111001010000
0110111001011110
0110111001011111
0110111001101000
0110111010100001
0110111011011100
0110111011100101
0110111100011000
0110111100110101
0110111100111010
0110111101001011
0110111110001100
0110111110011000
0110111110110000
0110111110111011
0110111110111101
0110111111011010
0110111111101010
0110111111110111
0111000000110000
0111000000111101
0111000000111111
0111000001000010
0111000001101000
0111000001101000
0111000001111011
0111000010000110
0111000010111000
0111000011010101
0111000011011010
0111000011101001
0111000011101001
0111000100000010
0111000100001011
0111000100100010
0111000100101111
0111000101001111
0111000101011000
0111000101101011
0111000101110011
0111000101111010
0111000110100110
0111000110110000
0111000110110011
0111000110110111
0111000111100110
0111000111110001
0111000111110001
0111001000001111
0111001000100100
0111001001001111
0111001001010001
0111001001101110
0111001001110110
0111001001110111
0111001010000100
0111001010000110
0111001010011001
0111001010100000
0111001010101001
0111001010111100
0111001010111110
0111001011000011
0111001011010011
0111001011011000
0111001100011100
0111001100101011
0111001100110111
0111001100111011
0111001101010011
0111001101010100
0111001101100000
0111001101101000
0111001110000101
0111001110001100
0111001110010101
0111001110100000
0111001111000011
0111001111011111
0111001111110110
0111010000001000
0111010000010100
0111010000011101
0111010000111100
0111010001011111
0111010001100111
0111010001101000
0111010001101110
0111010001111101
0111010010001110
0111010010011100
0111010010110111
0111010011100000
0111010011100111
0111010011101011
0111010011110000
0111010011111110
0111010100011000
0111010100100100
0111010100101111
0111010100110101
0111010100111010
0111010100111111
0111010101000100
0111010101001011
0111010101010110
0111010101011011
0111010101110010
0111010101111010
0111010101111111
0111010111011001
0111010111011001
0111010111011101
0111010111110110
0111010111111000
0111011000010010
0111011000110001
0111011000111010
0111011000111110
0111011000111111
0111011001000000
0111011001011111
0111011001110110
0111011010001101
0111011010010000
0111011010011110
0111011010100011
0111011010110100
0111011010111001
0111011011001100
0111011011010000
0111011011010011
0111011011010100
0111011011110010
0111011011110011
0111011100001101
0111011100010001
0111011100010011
0111011100100011
0111011100100100
0111011100110011
0111011101110000
0111011110001111
0111011110010010
0111011110100010
0111011110101101
0111011110111011
0111011111100100
0111011111101001
0111100000011110
0111100000101100
0111100000110111
0111100001000110
0111100001001010
0111100001010000
0111100001010100
0111100001101011
0111100010100010
0111100010100100
0111100010101100
0111100010110001
0111100010111101
0111100011101110
0111100011110000
0111100100001111
0111100100100010
0111100100100010
0111100100110111
0111100100111001
0111100101011100
0111100101100100
0111100110001000
0111100110001100
0111100110001110
0111100110011011
0111100110011110
0111100111000000
0111100111010111
0111100111110101
0111101000010111
0111101000100011
0111101001000000
0111101001010110
0111101001011110
0111101001100011
0111101001111001
0111101001111110
0111101010001010
0111101010011101
0111101010100001
0111101010101110
0111101010101111
0111101011000100
0111101100000011
0111101100010000
0111101100010001
0111101100101101
0111101100101111
0111101100110111
0111101101000001
0111101101000100
0111101101001001
0111101101010111
0111101101100110
0111101101101101
0111101110000100
0111101110010111
0111101110101100
0111101110111000
0111101110111101
0111101111000101
0111101111001000
0111101111001111
0111101111101000
0111101111111011
0111101111111110
0111110000001001
0111110000100100
0111110000101011
0111110000110110
0111110000111011
0111110000111101
0111110001001010
0111110001010100
0111110001011110
0111110001100011
0111110001101011
0111110001101111
0111110010110111
0111110011010000
0111110011110101
0111110011110111
0111110100000001
0111110100011011
0111110100100101
0111110100110111
0111110101000100
0111110101001111
0111110101100111
0111110110010101
0111110110011000
0111110110100110
0111110110101111
0111110111000011
0111110111010111
0111110111101110
0111110111110100
0111110111111101
0111111000000110
0111111000011111
0111111000100000
0111111000101111
0111111000110000
0111111000110011
0111111001000100
0111111001001011
0111111001010001
0111111001010101
0111111001011001
0111111001101111
0111111001110000
0111111001111010
0111111010000111
0111111010010001
0111111010110100
0111111011001011
0111111011010100
0111111011110001
0111111011110100
0111111011111001
0111111011111011
0111111100000001
0111111100001001
0111111100111011
0111111101011110
0111111101110010
0111111101111101
0111111101111110
0111111110000001
0111111110100010
0111111110101011
0111111110101110
0111111110111101
0111111111001010
0111111111011100
0111111111110101
1000000000001110
1000000000010010
1000000000100110
1000000000111001
1000000001000011
1000000001000101
1000000001000111
1000000001010001
1000000001010100
1000000001010110
1000000001100000
1000000001100101
1000000001110101
1000000001111110
1000000010000010
1000000010110000
1000000010111100
1000000011011100
1000000011100111
1000000011110001
1000000100000111
1000000100001101
1000000100010010
1000000100100111
1000000100110101
1000000101000111
1000000101001010
1000000101011101
1000000101110100
1000000101110111
1000000101111100
1000000110001000
1000000110001000
1000000110100110
1000000110100111
1000000110100111
1000000111000110
1000000111010001
1000000111010011
1000000111010101
1000000111011111
1000000111110011
1000001001100101
1000001001101110
1000001001110011
1000001001111011
1000001010011101
1000001010011101
1000001010100011
1000001010111001
1000001010111011
1000001011000001
1000001011001001
1000001011110011
1000001011111100
1000001100001000
1000001100001000
1000001100001011
1000001100010001
1000001100011100
1000001100011111
1000001100101110
1000001100110101
1000001101011011
1000001101101011
1000001101110111
1000001110000101
1000001110101000
1000001110111011
1000001111001010
1000001111001101
1000001111011101
1000001111100111
1000010000000010
1000010000011100
1000010000011101
1000010001000101
1000010001000110
1000010001001100
1000010001100100
1000010001101101
1000010010010110
1000010010100001
1000010010100101
1000010010100110
1000010010110000
1000010010110111
1000010011000010
1000010011000101
1000010011000110
1000010011001000
1000010011001011
1000010011010001
1000010011010111
1000010011100110
1000010011110100
1000010100010101
1000010100101101
1000010100110011
1000010101010100
1000010101100001
1000010101101101
1000010101111111
1000010110011110
1000010110111111
1000010111100101
1000010111101011
1000010111101100
1000010111110000
1000011000100001
1000011000111110
1000011001001111
1000011001011000
1000011001100000
1000011001100111
1000011001101011
1000011001111110
1000011010000000
1000011010000101
1000011010001010
1000011010011010
1000011010100101
1000011010101000
1000011010110001
1000011011100001
1000011100100010
1000011100110111
1000011100111010
1000011100111010
1000011110011000
1000011110100110
1000011110100111
1000011110111000
1000011110111010
1000011110111100
1000011111000001
1000011111000111
1000100000011010
1000100000011110
1000100000011110
1000100000111110
1000100001000000
1000100001010110
1000100001011100
1000100001100011
1000100001101001
1000100001101101
1000100001111001
1000100001111101
1000100010000110
1000100010000111
1000100010011011
1000100010011100
1000100010011100
1000100010100010
1000100010100110
1000100010101110
1000100010110000
1000100010111100
1000100011101000
1000100011110010
1000100100000110
1000100100010001
1000100100011011
1000100100011011
1000100100101011
1000100100111100
1000100101011001
1000100101100000
1000100101101000
1000100101101110
1000100101110001
1000100110000111
1000100110001111
1000100110011101
1000100110011110
1000100110100111
1000100110101010
1000100111001110
1000100111010100
1000100111110000
1000100111111001
1000101000001010
1000101000011010
1000101000110111
1000101001000110
1000101001010010
1000101001101110
1000101010100101
1000101011000000
1000101011000100
1000101011010101
1000101011010110
1000101011011001
1000101011101011
1000101011111011
1000101100011010
1000101100110110
1000101100110111
1000101100111111
1000101101010000
1000101101111101
1000101110000100
1000101110011010
1000101110100011
1000101110100110
1000101110101110
1000101111011001
1000101111011111
1000110000010010
1000110000010100
1000110000100110
1000110001000100
1000110001000110
1000110001110010
1000110010010101
1000110010011001
1000110010100010
1000110010101101
1000110011001101
1000110011010010
1000110011011001
1000110011100000
1000110011110001
1000110011110111
1000110011111101
1000110100001100
1000110100100001
1000110100101010
1000110100111000
1000110101011011
1000110101011101
1000110110010101
1000110110101000
1000110111001101
1000110111011001
1000110111100110
1000110111100111
1000110111110011
1000111000001001
1000111000010000
1000111000101101
1000111000111011
1000111001001000
1000111001110100
1000111001110101
1000111001111101
1000111010110001
1000111011011000
1000111011100011
1000111011111001
1000111100000101
1000111100000110
1000111100010011
1000111100010100
1000111101000011
1000111101111111
1000111110000010
1000111110000110
1000111110011011
1000111110011111
1000111110100100
1000111110111010
1000111110111110
1000111111000000
1000111111100001
1000111111110010
1000111111110110
1000111111111010
1000111111111100
1000111111111110
1001000000001001
1001000000011110
1001000000100011
1001000000110110
1001000000111011
1001000001000101
1001000001100100
1001000001100111
1001000001111111
1001000010001011
1001000010011100
1001000010110110
1001000011000011
1001000011000110
1001000011001111
1001000011100001
1001000100000100
1001000100010110
1001000100100000
1001000100100111
1001000100101001
1001000100110101
1001000101010111
1001000110000010
1001000110001111
1001000110010001
1001000110010111
1001000110011111
1001000110100000
1001000110101111
1001000110111011
1001000111000101
1001000111010100
1001000111010101
1001000111101111
1001000111111011
1001000111111100
1001001000101000
1001001000111001
1001001000111101
1001001001000110
1001001001101010
1001001010011101
1001001010100100
1001001010101000
1001001010110011
1001001011000010
1001001011111000
1001001100001000
1001001100001001
1001001100010000
1001001100010010
1001001100011010
1001001100011100
1001001100110000
1001001101001111
1001001101010111
1001001110001000
1001001110010010
1001001110010010
1001001110011010
1001001110011011
1001001110100000
1001001110111111
1001001111000111
1001001111100010
1001001111100100
1001001111100101
1001010000000010
1001010000001101
1001010000010110
1001010000100000
1001010001011111
1001010001111010
1001010001111111
1001010001111111
1001010010000100
1001010010010100
1001010010011001
1001010010100000
1001010010110101
1001010011000110
1001010011011100
1001010011100001
1001010011101111
1001010100001100
1001010101101010
1001010101110111
1001010110001001
1001010110001110
1001010110010110
1001010110010110
1001010110011001
1001010110011010
1001010110100110
1001010110110010
1001010110110110
1001010110111011
1001010110111100
1001010111001011
1001010111001100
1001010111010010
1001010111010110
1001010111110100
1001010111111010
1001011000111110
1001011001000100
1001011001100000
1001011001100100
1001011001111101
1001011010000101
1001011010010100
1001011010101110
1001011011000011
1001011011001010
1001011011010110
1001011011100000
1001011011101011
1001011011110010
1001011100000100
1001011100010111
1001011100110000
1001011101000011
1001011101100000
1001011101101010
1001011101110111
1001011110000000
1001011110101000
1001011110111100
1001011110111101
1001011111000110
1001011111101001
1001011111101011
1001100000010101
1001100000010110
1001100000011111
1001100001001001
1001100001101100
1001100001101111
1001100010011100
1001100010101111
1001100010110111
1001100010110111
1001100010111000
1001100011000100
1001100011000111
1001100011010111
1001100011110001
1001100100000010
1001100100010001
1001100100100110
1001100100101110
1001100100110100
1001100101000000
1001100101101001
1001100101101101
1001100101110001
1001100101111100
1001100110010011
1001100110011111
1001100110100111
1001100110111101
1001100111101101
1001100111111110
1001101001000100
1001101001100100
1001101001100101
1001101001101110
1001101010001111
1001101010101100
1001101010110110
1001101011000010
1001101100010101
1001101100111111
1001101101000111
1001101101011101
1001101101101100
1001101110101010
1001101110111000
1001101111001111
1001101111101101
1001110000001110
1001110000100000
1001110000101010
1001110000101101
1001110001010010
1001110001011110
1001110001110000
1001110001110001
1001110010110000
1001110010110111
1001110011000100
1001110011001001
1001110011001010
1001110011001111
1001110011010011
1001110011110100
1001110100010001
1001110100111101
1001110101000101
1001110101001101
1001110101010011
1001110101101010
1001110101101111
1001110110011011
1001110111010111
1001110111100000
1001110111100101
1001110111101010
1001111000010010
1001111000100010
1001111000100111
1001111000101010
1001111000111110
1001111001010110
1001111001100000
1001111001100111
1001111001110110
1001111010001111
1001111010101110
1001111010111110
1001111011001001
1001111011001100
1001111011011111
1001111011111000
1001111100000101
1001111100001001
1001111100010000
1001111100101011
1001111100101110
1001111100110100
1001111101001111
1001111101110011
1001111101110111
1001111110000001
1001111110000011
1001111110011100
1001111110111000
1001111111011100
1001111111100110
1010000000001001
1010000000010110
1010000000010111
1010000001000110
1010000001010000
1010000001011110
1010000010000001
1010000010010101
1010000010011110
1010000011000100
1010000011000100
1010000011001001
1010000011010100
1010000011010111
1010000011011011
1010000011011101
1010000011111010
1010000011111100
1010000100000010
1010000100110001
1010000101001110
1010000101010001
1010000101100001
1010000101100101
1010000101110100
1010000101110100
1010000110000101
1010000110011100
1010000110100100
1010000110110100
1010000110111010
1010000110111110
1010000111001011
1010000111100000
1010000111110000
1010001000000100
1010001000010010
1010001000100010
1010001000101000
1010001000101110
1010001000110011
1010001001000001
1010001001011000
1010001001011010
1010001001100010
1010001001101101
1010001010000001
1010001010100100
1010001010100111
1010001011001011
1010001011001011
1010001011111001
1010001011111001
1010001100001100
1010001100101101
1010001101000111
1010001101001111
1010001101010101
1010001101011010
1010001101111001
1010001110000110
1010001110011101
1010001111001111
1010001111100111
1010010000000011
1010010000001010
1010010000100000
1010010000100101
1010010000110000
1010010001000000
1010010001000001
1010010001100001
1010010001101001
1010010001111100
1010010010001001
1010010010010000
1010010010010100
1010010010011101
1010010010011110
1010010010100000
1010010011101011
1010010100010110
1010010101000001
1010010101000101
1010010101011011
1010010101101000
1010010101110010
1010010110010110
1010010110011101
1010010110100011
1010010110111010
1010010111000100
1010010111100000
1010010111100010
1010010111110111
1010011000000000
1010011000000010
1010011000001000
1010011000010011
1010011000011000
1010011000111000
1010011001001001
1010011001001011
1010011001101001
1010011001101110
1010011010000100
1010011010110000
1010011011000011
1010011011000101
1010011011010000
1010011100000011
1010011100010110
1010011100011010
1010011100100110
1010011100100111
1010011100111000
1010011101000011
1010011101010100
1010011101100100
1010011101111001
1010011110000011
1010011110010000
1010011110111010
1010011111010000
1010011111101010
1010011111111000
1010011111111101
1010100000001101
1010100000010110
1010100000101110
1010100001011010
1010100001011010
1010100001110001
1010100010001011
1010100010001101
1010100010010011
1010100010100000
1010100010100011
1010100010111001
1010100011001000
1010100011011100
1010100011100110
1010100100001111
1010100100101000
1010100100110010
1010100100111011
1010100101000001
1010100101001010
1010100101010101
1010100101010110
1010100101101110
1010100101110101
1010100101110101
1010100110011101
1010100110011110
1010100110110010
1010100110110111
1010100110111011
1010100111001001
1010100111001100
1010100111011001
1010101000000001
1010101000101100
1010101001000110
1010101001010011
1010101001011100
1010101001011101
1010101001101100
1010101001110010
1010101001110101
1010101010000110
1010101010001110
1010101010010010
1010101010011010
1010101010100011
1010101010111100
1010101010111110
1010101011001001
1010101011001011
1010101011011011
1010101011011100
1010101011110010
1010101100010000
1010101100010001
1010101100010100
1010101101000100
1010101101000100
1010101101011111
1010101101101011
1010101101110101
1010101101110101
1010101110100000
1010101110100011
1010101111010111
1010101111011011
1010101111101011
1010101111111001
1010110000000101
1010110001001100
1010110001001100
1010110001110110
1010110010001001
1010110010001001
1010110010010000
1010110011000011
1010110011001100
1010110011010101
1010110011010110
1010110011011000
1010110011100001
1010110011100110
1010110011101011
1010110100011110
1010110100101011
1010110100110100
1010110101001110
1010110101110001
1010110110000111
1010110110101001
1010110110101110
1010110110110111
1010110110111110
1010110111000011
1010110111001101
1010110111110001
1010111000000111
1010111001110010
1010111001110111
1010111001111001
1010111010010000
1010111011101110
1010111100001111
1010111100011001
1010111100111010
1010111101011000
1010111101011001
1010111101100001
1010111101110011
1010111101110011
1010111110101000
1010111111000100
1010111111101000
1010111111110111
1010111111111100
1011000000001010
1011000001101101
1011000010001111
1011000010011100
1011000010100101
1011000010110010
1011000010110100
1011000010110101
1011000010111000
1011000010111000
1011000010111001
1011000010111101
1011000011000100
1011000011000111
1011000011011001
1011000011011010
1011000011011011
1011000011100101
1011000011101110
1011000100000010
1011000100000011
1011000101000100
1011000101000111
1011000101011011
1011000101011100
1011000101101111
1011000101101111
1011000101110011
1011000101111010
1011000110001010
1011000110011110
1011000110110010
1011000110110011
1011000110111111
1011000110111111
1011000110111111
1011000111011000
1011000111100100
1011000111101111
1011000111110111
1011000111111101
1011001000000011
1011001000000101
1011001000000101
1011001000001001
1011001000010000
1011001000011101
1011001000101011
1011001001000000
1011001001010101
1011001001010111
1011001001011110
1011001001111001
1011001010100010
1011001011001100
1011001011111110
1011001100000010
1011001100000010
1011001100100001
1011001100100011
1011001100101010
1011001101010101
1011001101101010
1011001101111111
1011001110000010
1011001110010111
1011001110011100
1011001110100001
1011001110101001
1011001111000111
1011001111010110
1011001111011010
1011001111011101
1011001111011101
1011001111101000
1011001111101011
1011001111110101
1011001111111110
1011010000011101
1011010000111000
1011010001010100
1011010001100101
1011010001100111
1011010001101010
1011010001101100
1011010001110011
1011010010000001
1011010010010111
1011010011000011
1011010011001001
1011010011001010
1011010011100000
1011010011101001
1011010100101000
1011010101000001
1011010101011110
1011010110001011
1011010110011100
1011010110011110
1011010110011110
1011010110011111
1011010110110001
1011010110111110
1011010111101010
1011010111111001
1011011000000011
1011011000010001
1011011000100101
1011011000101111
1011011000110011
1011011001001001
1011011001010101
1011011001100001
1011011001101011
1011011010000100
1011011010100001
1011011010101000
1011011010101001
1011011010110111
1011011011010000
1011011011011101
1011011100000001
1011011100001001
1011011100010100
1011011100100011
1011011100100011
1011011100100101
1011011101000000
1011011101001101
1011011101011000
1011011101011101
1011011101110011
1011011101110100
1011011110000000
1011011110100011
1011011110100100
1011011111001001
1011011111101010
1011011111111101
1011100000100100
1011100000110000
1011100010000001
1011100010010110
1011100010101100
1011100010110010
1011100010111100
1011100011001100
1011100011110100
1011100100001111
1011100100010000
1011100100100001
1011100100101011
1011100100110001
1011100100111110
1011100101000010
1011100101001001
1011100101001111
1011100101010110
1011100101101101
1011100101111011
1011100101111111
1011100110000011
1011100110001000
1011100111000101
1011100111000110
1011100111001110
1011100111011001
1011100111101011
1011101000000010
1011101000000101
1011101000011100
1011101000111010
1011101001010101
1011101010110010
1011101010110100
1011101010111111
1011101011001100
1011101011010001
1011101011101101
1011101011101110
1011101100000011
1011101100000111
1011101100011010
1011101100101001
1011101100111110
1011101101101001
1011101101101010
1011101101101100
1011101101111001
1011101110001100
1011101110011010
1011101110100100
1011101110100111
1011101111010110
1011101111100001
1011110000000010
1011110000100010
1011110000100011
1011110000101111
1011110000110010
1011110001010100
1011110001010110
1011110001011111
1011110001100001
1011110001100110
1011110001101100
1011110001111111
1011110010100001
1011110010100111
1011110011001011
1011110011001111
1011110011001111
1011110011010001
1011110011101011
1011110011110111
1011110100000010
1011110100100000
1011110101000000
1011110101000111
1011110101001001
1011110101100010
1011110101101011
1011110101110110
1011110101111011
1011110110000000
1011110110001000
1011110110100000
1011110110111010
1011110110111110
1011110111001110
1011110111010000
1011110111100101
1011110111101111
1011110111111000
1011111000010110
1011111000011001
1011111000110011
1011111001000110
1011111001001001
1011111001001100
1011111001100110
1011111001101110
1011111001110110
1011111010001000
1011111010110001
1011111010110111
1011111010111001
1011111010111111
1011111011010110
1011111011111101
1011111100001011
1011111100011011
1011111100011110
1011111100101100
1011111100101110
1011111100110011
1011111101010001
1011111101100110
1011111101100111
1011111101110111
1011111110011001
1011111110100110
1011111110101110
1011111111001111
1011111111010110
1011111111010111
1011111111100000
1011111111101101
1100000000100111
1100000000101111
1100000000111111
1100000001001001
1100000001001100
1100000001010010
1100000001101110
1100000010001000
1100000010001010
1100000010001010
1100000010011001
1100000010011110
1100000010110110
1100000011000000
1100000011000100
1100000011000101
1100000011010111
1100000011111001
1100000011111100
1100000100001010
1100000100011011
1100000100100000
1100000100101101
1100000100110000
1100000100110010
1100000100110110
1100000101010011
1100000101100111
1100000101101011
1100000110000011
1100000110110000
1100000110110001
1100000111010000
1100000111011111
1100000111110100
1100000111111101
1100001000011000
1100001000100000
1100001000100010
1100001000101101
1100001001100101
1100001001111101
1100001001111111
1100001010001101
1100001010010111
1100001010100000
1100001011000001
1100001011000101
1100001011001111
1100001011101001
1100001011110000
1100001100000000
1100001100010010
1100001100010111
1100001100100001
1100001101001011
1100001101011111
1100001110000110
1100001110001010
1100001110001111
1100001110011110
1100001110101011
1100001110111101
1100001111010010
1100001111010011
1100001111010101
1100001111100001
1100001111101011
1100010000000111
1100010000001001
1100010000101101
1100010000111000
1100010001000011
1100010001001000
1100010001011111
1100010001101100
1100010001110101
1100010010001010
1100010010001011
1100010011111011
1100010100000010
1100010100011001
1100010101001110
1100010101001110
1100010101011000
1100010101011110
1100010101011110
1100010101011110
1100010101100000
1100010101110100
1100010110011000
1100010110100011
1100010111000011
1100010111000101
1100010111111000
1100010111111111
1100011000010000
1100011000010111
1100011000110000
1100011000110001
1100011001001001
1100011001001001
1100011001111000
1100011010010110
1100011010011000
1100011010100100
1100011010101101
1100011011010011
1100011011110100
1100011100001101
1100011100100111
1100011101000100
1100011101000111
1100011101011001
1100011101110011
1100011110000100
1100011110001001
1100011111000100
1100011111010100
1100011111111001
1100100000101011
1100100000101111
1100100001000100
1100100001010100
1100100001011001
1100100001100110
1100100001111101
1100100010010001
1100100010101000
1100100010101010
1100100010111011
1100100010111100
1100100010111111
1100100011000100
1100100011100000
1100100011101110
1100100011111011
1100100011111110
1100100100000110
1100100100001110
1100100100010100
1100100100101110
1100100100110010
1100100100110100
1100100100110111
1100100101000010
1100100101100100
1100100110011101
1100100111010100
1100100111100010
1100100111101101
1100100111111101
1100101000010011
1100101000101010
1100101000111010
1100101000111100
1100101000111111
1100101001000000
1100101001000110
1100101001001011
1100101001011001
1100101001100101
1100101001101001
1100101001110001
1100101010000111
1100101010001011
1100101010011001
1100101010011011
1100101010110110
1100101011000100
1100101011000100
1100101011001100
1100101011010110
1100101011010111
1100101011011011
1100101011100100
1100101011100111
1100101011111101
1100101100010000
1100101100011001
1100101100011011
1100101100100011
1100101100100011
1100101100110010
1100101100111000
1100101101000000
1100101101000111
1100101101011000
1100101110001110
1100101110010101
1100101110011001
1100101110101010
1100101110111111
1100101111010101
1100101111010101
1100101111011100
1100101111100001
1100101111101100
1100110000000000
1100110000001011
1100110000010001
1100110000011010
1100110000011010
1100110000101101
1100110001001100
1100110001010001
1100110001010100
1100110001100011
1100110001101001
1100110001101001
1100110001101101
1100110001110100
1100110010010001
1100110010101111
1100110010111000
1100110010111101
1100110011000100
1100110011001011
1100110011010110
1100110011011000
1100110011011001
1100110011011111
1100110011101000
1100110011111000
1100110100011000
1100110100011011
1100110100100000
1100110100100110
1100110100101010
1100110100110001
1100110100111000
1100110101001100
1100110101111110
1100110110011010
1100110110100001
1100110110110110
1100110110111110
1100110111100010
1100110111110111
1100110111111011
1100110111111100
1100111000111110
1100111001011001
1100111001110101
1100111010010000
1100111010011110
1100111010100110
1100111011100100
1100111100000101
1100111100001010
1100111100101110
1100111100110000
1100111100111011
1100111101010000
1100111101011110
1100111101101101
1100111101101110
1100111110000001
1100111110000101
1100111110011111
1100111110101111
1100111110111000
1100111111001010
1100111111010110
1100111111010111
1101000000000010
1101000000001001
1101000000011101
1101000000111100
1101000001010000
1101000001100001
1101000001100010
1101000001111011
1101000010011010
1101000010101010
1101000010110011
1101000011001100
1101000011100111
1101000100001101
1101000100011000
1101000100110110
1101000100111000
1101000101010001
1101000101011101
1101000101100000
1101000110000111
1101000110001011
1101000110010010
1101000110100001
1101000110110010
1101000110110100
1101000110111000
1101000110111111
1101000111100000
1101000111100101
1101000111111111
1101001000000100
1101001000000111
1101001000001010
1101001000001100
1101001000110000
1101001001110100
1101001010001011
1101001011000110
1101001011001001
1101001011100110
1101001100010101
1101001100100011
1101001100101100
1101001100110000
1101001100110011
1101001101000000
1101001101000010
1101001101010101
1101001101011011
1101001110011100
1101001110111001
1101001111010110
1101001111101001
1101001111111111
1101010000010101
1101010000110011
1101010000110011
1101010000111000
1101010000111001
1101010001011010
1101010001011011
1101010001110110
1101010010111110
1101010011000010
1101010011100110
1101010011101010
1101010011101101
1101010011111110
1101010100001010
1101010100010101
1101010101000011
1101010101011101
1101010101100100
1101010110001011
1101010110010010
1101010110101111
1101010110110010
1101010110111001
1101010111001010
1101010111001010
1101010111010001
1101010111010100
1101010111100001
1101010111101010
1101010111101011
1101010111111100
1101011000001010
1101011000010001
1101011000011101
1101011000100000
1101011000100110
1101011000110100
1101011000111011
1101011001000101
1101011001011000
1101011001110100
1101011010010001
1101011010100011
1101011010101011
1101011010111000
1101011010111001
1101011011000100
1101011011101001
1101011100000101
1101011100001101
1101011100001111
1101011100001111
1101011100010111
1101011100100000
1101011100111011
1101011101000011
1101011101010011
1101011110001100
1101011110001110
1101011110011101
1101011111100111
1101011111101010
1101100000000101
1101100000010011
1101100000100101
1101100001000000
1101100001000000
1101100001010000
1101100001011010
1101100001011100
1101100010000100
1101100010001011
1101100010001101
1101100010011100
1101100010101001
1101100010101011
1101100010110011
1101100011011001
1101100011101110
1101100011110111
1101100100100001
1101100100110010
1101100101000100
1101100101110100
1101100101111100
1101100110000010
1101100110010101
1101100110011011
1101100110100011
1101100110100111
1101100111011101
1101100111100001
1101100111110111
1101101000000101
1101101000101110
1101101000111101
1101101000111110
1101101001001000
1101101001011001
1101101001011011
1101101001111010
1101101010000111
1101101010001101
1101101010010011
1101101010100000
1101101010100101
1101101010100111
1101101010101100
1101101010110110
1101101011100100
1101101011100111
1101101011101010
1101101011101110
1101101011110011
1101101100000001
1101101100000101
1101101100000110
1101101100010001
1101101100010111
1101101100011001
1101101100100100
1101101100101110
1101101101000110
1101101101101111
1101101110000010
1101101111000000
1101101111001101
1101101111011110
1101110000000010
1101110000100010
1101110001010111
1101110010000000
1101110010000001
1101110010001010
1101110010100101
1101110010101011
1101110010111110
1101110011011001
1101110011101010
1101110100000101
1101110100010000
1101110100010011
1101110100100100
1101110100101110
1101110100110100
1101110101001000
1101110101001001
1101110101010011
1101110101011010
1101110101110110
1101110101111100
1101110110000101
1101110110010001
1101110110010011
1101110110011000
1101110110100011
1101110110101100
1101110111010001
1101110111100010
1101110111101000
1101110111110001
1101110111110011
1101110111110110
1101111000000001
1101111000011111
1101111000100011
1101111000110110
1101111000111101
1101111000111111
1101111001110010
1101111010101100
1101111011010101
1101111011010101
1101111011101100
1101111100011000
1101111100100110
1101111100101100
1101111100110101
1101111101001001
1101111101100010
1101111101100011
1101111110000010
1101111110101100
1101111111011000
1101111111011110
1101111111101011
1101111111110101
1101111111111011
1110000000001101
1110000000010110
1110000000100010
1110000000101011
1110000000110010
1110000001010110
1110000001011000
1110000001011010
1110000001011011
1110000001101101
1110000001111010
1110000010001110
1110000010001111
1110000010100000
1110000010101000
1110000010110110
1110000010111000
1110000011001001
1110000011011001
1110000100000011
1110000100101110
1110000101000000
1110000101010101
1110000101101111
1110000110000010
1110000110011001
1110000110110000
1110000110111011
1110000110111101
1110001000001111
1110001000100010
1110001000100101
1110001001001100
1110001010101101
1110001011010101
1110001011011001
1110001100001011
1110001101001010
1110001101011000
1110001101100001
1110001101110001
1110001110000010
1110001110001110
1110001110011010
1110001110111101
1110001111011011
1110001111100001
1110001111111110
1110010000011000
1110010000011000
1110010000011100
1110010000011110
1110010000100110
1110010000110010
1110010000111000
1110010001010011
1110010001010100
1110010001100011
1110010001111101
1110010010000101
1110010010010110
1110010010100111
1110010010111000
1110010011100110
1110010100010000
1110010100110001
1110010101000101
1110010101100000
1110010101101010
1110010110001101
1110010110011010
1110010110100111
1110010110101101
1110010110110101
1110010110111001
1110010110111001
1110010111101111
1110011000001101
1110011000011101
1110011000101011
1110011000101110
1110011000110110
1110011000111010
1110011000111111
1110011001111100
1110011010000010
1110011010001011
1110011010101011
1110011011010010
1110011011011111
1110011011101011
1110011100100111
1110011101001001
1110011101001011
1110011101101011
1110011101111100
1110011110000000
1110011110000000
1110011110001000
1110011110100010
1110011110101001
1110011110101010
1110100000000010
1110100000001011
1110100000100010
1110100001000110
1110100001000111
1110100001011001
1110100001111111
1110100010000000
1110100010000001
1110100010000001
1110100010100000
1110100010110101
1110100010111011
1110100011000011
1110100011010111
1110100011011100
1110100011011101
1110100011011111
1110100011100111
1110100100000010
1110100100001110
1110100100010100
1110100100010101
1110100100110100
1110100100110111
1110100101001010
1110100110101011
1110100110101111
1110100111100000
1110100111100101
1110101000001110
1110101000100010
1110101000100011
1110101000100101
1110101000111010
1110101001000110
1110101001011110
1110101001101110
1110101001111010
1110101010011110
1110101010110001
1110101010110111
1110101011011000
1110101011101100
1110101100000001
1110101100010010
1110101100010111
1110101100011110
1110101100100010
1110101100101110
1110101101001001
1110101101001011
1110101101100111
1110101110010001
1110101110110001
1110101110110011
1110101110111011
1110101111001001
1110101111001100
1110101111101100
1110110000001100
1110110000001101
1110110000010111
1110110000011101
1110110000100001
1110110001010110
1110110001011001
1110110001111000
1110110010001010
1110110010101101
1110110011001011
1110110011010000
1110110011010010
1110110011011111
1110110011101011
1110110011110010
1110110100001101
1110110100011010
1110110100110100
1110110100110101
1110110101001000
1110110101001000
1110110101010001
1110110101010010
1110110101010101
1110110101110000
1110110101110100
1110110101110101
1110110101111000
1110110101111100
1110110101111110
1110110110010111
1110110110011000
1110110110100001
1110110110100011
1110110110101111
1110110110111100
1110110111000001
1110110111100101
1110111000000001
1110111000001100
1110111000011000
1110111000011001
1110111000011111
1110111000110000
1110111000110001
1110111000111011
1110111001000001
1110111001000010
1110111001010000
1110111001100100
1110111001101011
1110111010100001
1110111011001001
1110111011101101
1110111011110010
1110111011111101
1110111100001001
1110111100101000
1110111100101011
1110111101000001
1110111101000100
1110111101011110
1110111101100101
1110111110000001
1110111110000001
1110111110011100
1110111110100010
1110111110100101
1110111110101110
1110111110110111
1110111110111001
1110111111001001
1110111111011001
1110111111011010
1110111111011011
1110111111100010
1110111111111011
1111000000110011
1111000000110111
1111000000110111
1111000001011101
1111000010000111
1111000010100010
1111000011100011
1111000011110010
1111000100011101
1111000100111000
1111000100111100
1111000101001001
1111000101001100
1111000101001110
1111000101001111
1111000101110101
1111000110000010
1111000110010110
1111000110011001
1111000110011110
1111000110101001
1111000111000100
1111000111000101
1111000111000110
1111000111010111
1111000111011111
1111000111101010
1111000111101101
1111001000001101
1111001000001111
1111001000010110
1111001000111010
1111001001000110
1111001001101010
1111001001101010
1111001001110011
1111001001111011
1111001010000011
1111001010000110
1111001010101110
1111001011001101
1111001011010000
1111001011011011
1111001100000100
1111001100001001
1111001100101010
1111001100101010
1111001100111100
1111001101000100
1111001101010000
1111001101100010
1111001110000110
1111001110011111
1111001110101101
1111001110111101
1111001111000001
1111001111010010
1111001111111100
1111010000000101
1111010000000110
1111010000001100
1111010000101100
1111010000110111
1111010001000111
1111010001111101
1111010010000010
1111010010101010
1111010010110000
1111010010110111
1111010010111101
1111010011010010
1111010011100001
1111010011100010
1111010100000100
1111010100001010
1111010100010101
1111010100010101
1111010100010111
1111010100100010
1111010100110110
1111010100111110
1111010101001110
1111010101010011
1111010101111110
1111010110000010
1111010110000101
1111010110001000
1111010110101100
1111010110110111
1111010111000011
1111010111100110
1111011000001001
1111011000011100
1111011000101000
1111011000101000
1111011000101001
1111011000110110
1111011001010010
1111011001011101
1111011001101010
1111011001101110
1111011001110001
1111011010001100
1111011010100011
1111011010110001
1111011011010000
1111011011010000
1111011011100010
1111011011100111
1111011011101101
1111011011111100
1111011100101010
1111011101010011
1111011101011011
1111011101011100
1111011101100010
1111011101110000
1111011110001010
1111011110100011
1111011111000110
1111100000000010
1111100000100011
1111100001011000
1111100001100001
1111100001101011
1111100001111111
1111100010000101
1111100010100110
1111100010101001
1111100011000001
1111100011010010
1111100011011110
1111100011100101
1111100011101011
1111100011111101
1111100100001001
1111100100001100
1111100100011100
1111100100100001
1111100100100010
1111100100101111
1111100101000000
1111100101011001
1111100101011010
1111100101011100
1111100101011110
1111100110010011
1111100110100101
1111100110101110
1111100110101111
1111100111100111
1111100111101001
1111101000011100
1111101000100101
1111101001100010
1111101001100110
1111101001110101
1111101001110111
1111101001111100
1111101010010110
1111101010111100
1111101011000010
1111101011000100
1111101011101011
1111101011111010
1111101100000011
1111101100111110
1111101101000010
1111101101001001
1111101101010101
1111101101100010
1111101110001001
1111101110110011
1111101110110101
1111101111010101
1111101111011101
1111101111100010
1111110000010111
1111110000100010
1111110000100111
1111110000101000
1111110000110001
1111110001000110
1111110001001000
1111110001100010
1111110001100011
1111110001110001
1111110001111111
1111110010110100
1111110010110101
1111110010111001
1111110010111101
1111110011000011
1111110011001001
1111110011010010
1111110011011000
1111110011110100
1111110011111100
1111110100001000
1111110100001001
1111110100001001
1111110100101011
1111110100101100
1111110101111011
1111110101111011
1111110110000110
1111110110010110
1111110110100001
1111110110100111
1111110111001001
1111110111001011
1111110111001101
1111110111100100
1111110111111000
1111111001001011
1111111001011001
1111111010001010
1111111010001010
1111111010101100
1111111011000011
1111111011100010
1111111011101000
1111111011101011
1111111011110111
1111111100000001
1111111100001001
1111111100010000
1111111100010101
1111111100100010
1111111100110101
1111111100110110
1111111101100011
1111111101100111
1111111101101011
1111111110000101
1111111110010111
1111111110100111
1111111110101011
1111111110110010
1111111110111011
1111111111001100
1111111111001101
1111111111011101
1111111111101101
