9
28
52
53
55
109
127
131
136
143
156
178
183
186
186
221
230
231
246
262
263
273
283
297
309
330
331
354
378
398
430
504
515
532
561
571
581
585
608
649
662
669
729
767
772
774
793
815
815
817
818
844
866
875
881
969
1018
1027
1106
1153
1161
1166
1182
1187
1197
1224
1233
1245
1252
1254
1259
1262
1270
1357
1367
1370
1396
1406
1460
1467
1470
1482
1491
1530
1534
1539
1605
1606
1668
1690
1723
1780
1844
1851
1873
1873
1896
1949
1982
1983
1987
1993
1996
2018
2038
2053
2055
2056
2059
2071
2077
2119
2124
2127
2128
2130
2131
2150
2159
2160
2166
2193
2207
2219
2222
2230
2254
2313
2340
2345
2354
2355
2358
2360
2391
2432
2460
2474
2481
2499
2502
2511
2515
2517
2545
2553
2602
2621
2621
2664
2674
2731
2752
2752
2761
2762
2773
2804
2805
2808
2815
2849
2853
2881
2920
2945
2997
3005
3014
3035
3047
3049
3058
3059
3060
3091
3099
3100
3103
3107
3121
3131
3133
3136
3150
3153
3174
3233
3239
3245
3252
3259
3304
3342
3347
3355
3359
3379
3394
3403
3406
3425
3450
3479
3502
3508
3515
3549
3553
3562
3567
3570
3584
3614
3615
3634
3668
3671
3671
3691
3692
3697
3708
3711
3719
3721
3753
3760
3766
3785
3802
3830
3834
3837
3860
3861
3898
3906
3910
3921
3960
4000
4052
4068
4070
4075
4101
4134
4148
4150
4154
4157
4168
4170
4179
4189
4197
4250
4255
4271
4277
4299
4304
4313
4340
4372
4374
4375
4378
4379
4390
4390
4391
4392
4430
4443
4472
4513
4523
4524
4531
4532
4582
4582
4583
4584
4590
4614
4657
4659
4708
4708
4709
4712
4740
4748
4750
4780
4839
4876
4877
4877
4886
4893
4923
4929
4941
4941
4957
4965
4989
4991
4994
5002
5006
5011
5050
5058
5070
5081
5089
5137
5145
5154
5156
5191
5229
5257
5259
5264
5311
5313
5315
5326
5336
5346
5358
5377
5379
5383
5406
5458
5516
5529
5583
5596
5608
5658
5679
5709
5710
5711
5732
5737
5737
5749
5751
5768
5782
5797
5801
5805
5881
5912
5926
5935
6020
6020
6033
6049
6060
6089
6123
6146
6164
6167
6206
6218
6221
6224
6228
6247
6248
6250
6250
6277
6283
6298
6301
6302
6302
6318
6319
6333
6350
6352
6359
6365
6377
6383
6409
6442
6452
6458
6463
6469
6476
6511
6531
6533
6538
6550
6553
6562
6572
6575
6617
6622
6630
6656
6658
6680
6686
6695
6710
6728
6764
6788
6833
6833
6861
6887
6901
6926
6927
6932
6937
7033
7054
7074
7083
7086
7092
7107
7113
7138
7166
7186
7188
7194
7198
7212
7215
7217
7221
7227
7233
7293
7327
7394
7403
7412
7421
7431
7432
7449
7476
7482
7530
7550
7578
7583
7591
7595
7625
7634
7648
7653
7655
7662
7668
7715
7753
7781
7788
7814
7872
7903
7929
7945
7970
7978
7980
7984
7991
8005
8040
8040
8043
8048
8051
8053
8141
8145
8158
8165
8182
8205
8216
8240
8268
8284
8292
8305
8327
8328
8328
8339
8341
8375
8389
8419
8424
8435
8437
8484
8485
8501
8526
8576
8577
8586
8591
8596
8597
8609
8621
8625
8629
8651
8675
8706
8708
8715
8716
8719
8740
8752
8770
8811
8815
8847
8852
8891
8916
8940
8942
8946
8950
8965
8978
8982
8995
8995
8999
9033
9046
9063
9069
9076
9083
9097
9111
9114
9121
9125
9137
9169
9171
9188
9191
9209
9235
9303
9314
9331
9337
9340
9348
9348
9359
9366
9376
9420
9425
9425
9441
9443
9443
9444
9450
9460
9470
9474
9475
9480
9497
9513
9541
9573
9593
9603
9669
9714
9723
9730
9753
9767
9772
9803
9810
9819
9825
9830
9858
9893
9929
9941
9947
9950
9954
9963
9963
9964
10002
10010
10043
10044
10075
10082
10101
10108
10114
10121
10128
10134
10139
10202
10202
10224
10225
10232
10328
10338
10342
10361
10374
10375
10390
10398
10402
10408
10421
10425
10443
10458
10512
10538
10563
10567
10570
10573
10577
10578
10585
10589
10605
10608
10621
10643
10651
10679
10681
10688
10697
10724
10731
10740
10743
10756
10760
10770
10772
10772
10772
10779
10803
10827
10860
10860
10867
10890
10895
10905
10923
10928
10932
10975
10984
10997
11017
11021
11040
11099
11104
11125
11126
11127
11128
11149
11149
11162
11168
11182
11202
11229
11250
11261
11280
11298
11303
11307
11317
11335
11340
11340
11355
11371
11398
11415
11501
11507
11522
11530
11531
11555
11558
11565
11572
11573
11597
11645
11662
11684
11735
11745
11778
11780
11787
11799
11808
11808
11811
11835
11835
11877
11889
11889
11897
11901
11901
11907
11925
11962
11984
11995
11997
12017
12020
12021
12023
12029
12029
12074
12112
12133
12156
12169
12201
12209
12252
12273
12273
12276
12350
12352
12361
12375
12425
12429
12443
12462
12516
12547
12558
12561
12564
12600
12609
12616
12618
12628
12630
12632
12637
12652
12660
12664
12675
12689
12730
12742
12757
12767
12767
12773
12821
12933
12934
12940
12967
12968
12998
13010
13021
13023
13034
13040
13079
13080
13108
13109
13121
13133
13138
13167
13199
13217
13218
13224
13225
13225
13231
13233
13247
13260
13270
13300
13312
13320
13350
13386
13394
13407
13410
13427
13433
13449
13468
13492
13495
13509
13529
13548
13556
13569
13572
13595
13620
13669
13684
13735
13757
13777
13815
13835
13836
13871
13875
13906
13910
13917
13918
13981
14040
14062
14063
14117
14123
14141
14149
14152
14163
14187
14235
14262
14266
14275
14288
14294
14322
14333
14345
14374
14388
14388
14389
14393
14456
14463
14466
14467
14487
14507
14513
14553
14562
14563
14568
14572
14580
14675
14693
14715
14723
14729
14755
14771
14796
14802
14814
14833
14850
14872
14881
14891
14900
14913
14958
14967
14977
14992
14999
15034
15046
15048
15060
15109
15120
15141
15169
15177
15188
15194
15203
15229
15243
15247
15279
15282
15295
15311
15337
15339
15350
15359
15375
15383
15385
15407
15407
15413
15421
15428
15471
15494
15496
15510
15524
15535
15536
15542
15547
15586
15594
15606
15631
15640
15665
15686
15693
15711
15711
15727
15741
15757
15851
15859
15867
15915
15922
15944
15983
16004
16005
16007
16010
16016
16023
16039
16048
16064
16098
16116
16123
16126
16146
16181
16184
16212
16215
16224
16227
16227
16229
16232
16241
16252
16262
16286
16286
16315
16315
16350
16371
16401
16411
16448
16456
16473
16488
16502
16505
16535
16559
16564
16581
16583
16599
16600
16625
16647
16674
16687
16757
16793
16796
16798
16803
16806
16807
16823
16829
16831
16831
16846
16849
16850
16876
16881
16896
16899
16913
16947
16991
17009
17011
17022
17035
17048
17049
17053
17082
17099
17103
17111
17167
17179
17190
17208
17217
17244
17273
17299
17303
17309
17338
17381
17431
17436
17437
17451
17456
17461
17499
17509
17512
17518
17527
17536
17564
17571
17578
17608
17609
17614
17628
17682
17684
17690
17702
17749
17767
17803
17816
17842
17842
17848
17895
17904
17910
17916
17922
17924
17948
17969
18016
18058
18081
18098
18131
18147
18151
18184
18196
18241
18278
18304
18345
18361
18361
18382
18405
18419
18420
18443
18453
18458
18486
18487
18500
18513
18527
18543
18551
18556
18583
18618
18629
18631
18644
18677
18679
18708
18783
18790
18821
18822
18827
18852
18855
18859
18886
18888
18933
18934
18945
18950
18964
18964
18983
18989
18995
18999
19007
19039
19041
19050
19051
19076
19087
19129
19148
19153
19160
19181
19187
19237
19238
19245
19293
19307
19318
19333
19334
19347
19365
19400
19416
19433
19438
19445
19450
19463
19472
19517
19531
19533
19535
19549
19574
19578
19635
19640
19640
19646
19647
19648
19653
19656
19678
19723
19732
19733
19745
19749
19761
19780
19780
19783
19792
19819
19833
19862
19863
19886
19894
19909
19909
19927
19950
19951
19961
19986
20021
20055
20061
20074
20087
20158
20172
20176
20187
20199
20210
20241
20241
20269
20319
20330
20331
20331
20334
20358
20390
20413
20419
20439
20445
20471
20490
20497
20498
20502
20505
20536
20552
20557
20573
20588
20618
20623
20640
20643
20654
20655
20706
20734
20737
20740
20831
20845
20867
20884
20909
20911
20914
20922
20935
20941
20956
20991
21004
21054
21058
21067
21068
21078
21090
21093
21098
21099
21113
21172
21194
21198
21203
21209
21223
21232
21252
21255
21286
21304
21319
21322
21327
21331
21349
21359
21365
21398
21420
21433
21472
21486
21487
21490
21506
21538
21567
21577
21585
21617
21617
21634
21643
21688
21719
21739
21745
21745
21766
21771
21777
21796
21797
21800
21803
21809
21848
21854
21858
21888
21898
21907
21920
21924
21939
21979
21983
21997
22016
22023
22026
22043
22048
22058
22060
22062
22073
22097
22122
22129
22142
22176
22186
22210
22216
22217
22259
22283
22290
22292
22295
22320
22361
22370
22375
22389
22397
22420
22430
22441
22451
22457
22475
22475
22491
22492
22503
22520
22529
22534
22544
22552
22558
22580
22589
22590
22601
22606
22646
22648
22663
22694
22703
22726
22726
22739
22743
22751
22751
22775
22780
22836
22891
22891
22899
22900
22963
22964
22974
22979
22984
22984
22996
23009
23011
23013
23044
23053
23068
23098
23107
23107
23109
23155
23183
23254
23263
23268
23294
23311
23315
23321
23346
23360
23364
23367
23392
23393
23427
23427
23437
23468
23474
23481
23488
23525
23592
23602
23609
23623
23623
23631
23638
23700
23702
23705
23713
23724
23745
23748
23749
23773
23820
23839
23861
23907
23909
23912
23916
23942
23963
23970
24009
24027
24030
24045
24053
24077
24091
24092
24116
24135
24139
24179
24180
24184
24208
24217
24228
24261
24286
24317
24321
24332
24343
24367
24397
24408
24431
24437
24439
24468
24500
24518
24541
24579
24608
24628
24644
24647
24682
24686
24698
24704
24746
24756
24783
24794
24799
24808
24832
24863
24865
24911
24946
24947
24969
25012
25077
25113
25119
25161
25163
25180
25182
25202
25214
25217
25226
25251
25258
25262
25269
25277
25287
25309
25337
25346
25359
25372
25381
25409
25410
25421
25428
25436
25439
25455
25457
25461
25464
25481
25484
25503
25507
25515
25522
25550
25557
25619
25635
25653
25654
25672
25681
25684
25694
25709
25751
25752
25781
25797
25812
25817
25819
25856
25877
25883
25909
25914
25949
25962
25974
25986
25989
26026
26054
26066
26094
26166
26175
26191
26196
26203
26232
26239
26249
26252
26262
26266
26268
26324
26329
26352
26394
26404
26411
26412
26445
26469
26510
26522
26533
26537
26560
26604
26634
26658
26689
26692
26752
26761
26770
26803
26818
26838
26850
26857
26863
26921
26935
26939
26945
26947
26956
27014
27030
27041
27063
27075
27090
27108
27109
27115
27132
27135
27156
27164
27184
27190
27207
27216
27227
27231
27246
27247
27273
27287
27289
27302
27349
27352
27363
27373
27377
27399
27428
27439
27449
27451
27471
27483
27494
27507
27526
27557
27635
27641
27644
27661
27685
27717
27720
27724
27744
27745
27765
27783
27785
27789
27811
27818
27820
27823
27872
27883
27897
27905
27929
27962
27996
28017
28026
28045
28053
28060
28063
28078
28084
28094
28096
28139
28147
28163
28166
28180
28193
28229
28229
28238
28240
28254
28255
28264
28321
28380
28389
28440
28469
28474
28491
28556
28568
28592
28603
28605
28634
28650
28663
28720
28733
28735
28738
28776
28776
28795
28806
28856
28885
28890
28905
28905
28930
28939
28962
28975
29007
29016
29035
29043
29050
29094
29104
29107
29111
29158
29169
29169
29199
29220
29263
29265
29294
29302
29303
29316
29318
29337
29344
29353
29372
29374
29379
29395
29400
29468
29483
29495
29499
29523
29524
29536
29544
29573
29580
29589
29600
29635
29663
29686
29704
29716
29725
29756
29791
29799
29800
29806
29821
29838
29852
29879
29920
29927
29931
29936
29950
29976
29988
29999
30005
30010
30015
30020
30027
30038
30043
30066
30074
30079
30169
30169
30173
30198
30200
30226
30257
30266
30270
30271
30272
30303
30326
30349
30352
30366
30371
30388
30393
30412
30416
30419
30420
30450
30451
30477
30481
30483
30499
30500
30515
30576
30607
30610
30626
30637
30651
30692
30697
30750
30764
30775
30790
30794
30800
30804
30827
30882
30884
30892
30897
30909
30958
30960
30991
31010
31010
31031
31033
31068
31076
31112
31116
31118
31131
31134
31168
31191
31221
31255
31267
31296
31318
31326
31331
31353
31358
31370
31389
31393
31406
31407
31428
31491
31504
31505
31533
31535
31543
31553
31556
31561
31575
31590
31597
31620
31639
31660
31672
31677
31685
31688
31695
31720
31739
31742
31753
31780
31787
31798
31803
31805
31818
31828
31838
31843
31851
31855
31927
31952
31989
31991
32001
32027
32037
32055
32068
32079
32103
32149
32152
32166
32175
32195
32215
32238
32244
32253
32262
32287
32288
32303
32304
32307
32324
32331
32337
32341
32345
32367
32368
32378
32391
32401
32436
32459
32468
32497
32500
32505
32507
32513
32521
32571
32606
32626
32637
32638
32641
32674
32683
32686
32701
32714
32732
32757
32782
32786
32806
32825
32835
32837
32839
32849
32852
32854
32864
32869
32885
32894
32898
32944
32956
32988
32999
33009
33031
33037
33042
33063
33077
33095
33098
33117
33140
33143
33148
33160
33160
33190
33191
33191
33222
33233
33235
33237
33247
33267
33381
33390
33395
33403
33437
33437
33443
33465
33467
33473
33481
33523
33532
33544
33544
33547
33553
33564
33567
33582
33589
33627
33643
33655
33669
33704
33723
33738
33741
33757
33767
33794
33820
33821
33861
33862
33868
33892
33901
33942
33953
33957
33958
33968
33975
33986
33989
33990
33992
33995
34001
34007
34022
34036
34069
34093
34099
34132
34145
34157
34175
34206
34239
34277
34283
34284
34288
34337
34366
34383
34392
34400
34407
34411
34430
34432
34437
34442
34458
34469
34472
34481
34529
34594
34615
34618
34618
34712
34726
34727
34744
34746
34748
34753
34759
34842
34846
34846
34878
34880
34902
34908
34915
34921
34925
34937
34941
34950
34951
34971
34972
34972
34978
34982
34990
34992
35004
35048
35058
35078
35089
35099
35099
35115
35132
35161
35168
35176
35182
35185
35207
35215
35229
35230
35239
35242
35278
35284
35312
35321
35338
35354
35383
35398
35410
35438
35493
35520
35524
35541
35542
35545
35563
35579
35610
35638
35639
35647
35664
35709
35716
35738
35747
35750
35758
35801
35807
35858
35860
35878
35908
35910
35954
35989
35993
36002
36013
36045
36050
36057
36064
36081
36087
36093
36108
36129
36138
36152
36187
36189
36245
36264
36301
36313
36326
36327
36339
36361
36368
36397
36411
36424
36468
36469
36477
36529
36568
36579
36601
36613
36614
36627
36628
36675
36735
36738
36742
36763
36767
36772
36794
36798
36800
36833
36850
36854
36858
36860
36862
36873
36894
36899
36918
36923
36933
36964
36967
36991
37003
37020
37046
37059
37062
37071
37089
37124
37142
37152
37159
37161
37173
37207
37250
37263
37265
37271
37279
37280
37295
37307
37317
37332
37333
37359
37371
37372
37416
37433
37437
37446
37482
37533
37540
37544
37555
37570
37624
37640
37641
37648
37650
37658
37660
37680
37711
37719
37768
37778
37778
37786
37787
37792
37823
37831
37858
37860
37861
37890
37901
37910
37920
37983
38010
38015
38015
38020
38036
38041
38048
38069
38086
38108
38113
38127
38156
38250
38263
38281
38286
38294
38294
38297
38298
38310
38322
38326
38331
38332
38347
38348
38354
38358
38388
38394
38462
38468
38496
38500
38525
38533
38548
38574
38595
38602
38614
38624
38635
38642
38660
38679
38704
38723
38752
38762
38775
38784
38824
38844
38845
38854
38889
38891
38933
38934
38943
38985
39020
39023
39068
39087
39095
39095
39096
39108
39111
39127
39153
39170
39185
39206
39214
39220
39232
39273
39277
39281
39292
39315
39327
39335
39357
39405
39422
39492
39524
39525
39534
39567
39596
39606
39618
39701
39743
39751
39773
39788
39850
39864
39887
39917
39950
39968
39978
39981
40018
40030
40048
40049
40112
40119
40132
40137
40138
40143
40147
40180
40209
40253
40261
40269
40275
40298
40303
40347
40407
40416
40421
40426
40466
40482
40487
40490
40510
40534
40544
40551
40566
40591
40622
40638
40649
40652
40671
40696
40709
40713
40720
40747
40750
40756
40783
40819
40823
40833
40835
40860
40888
40924
40934
40969
40982
40983
41030
41040
41054
41089
41109
41118
41156
41156
41161
41172
41175
41179
41181
41210
41212
41218
41265
41294
41297
41313
41317
41332
41332
41349
41372
41380
41396
41402
41406
41419
41440
41456
41476
41490
41506
41512
41518
41523
41537
41560
41562
41570
41581
41601
41636
41639
41675
41675
41721
41721
41740
41773
41799
41807
41813
41818
41849
41862
41885
41935
41959
41987
41994
42016
42021
42032
42048
42049
42081
42089
42108
42121
42128
42132
42141
42142
42144
42219
42262
42305
42309
42331
42344
42354
42390
42397
42403
42426
42436
42464
42466
42487
42496
42498
42504
42515
42520
42552
42569
42571
42601
42606
42628
42672
42691
42693
42704
42755
42774
42778
42790
42791
42808
42819
42836
42852
42873
42883
42896
42938
42960
42986
43000
43005
43021
43030
43054
43098
43098
43121
43147
43149
43155
43168
43171
43193
43208
43228
43238
43279
43304
43314
43323
43329
43338
43349
43350
43374
43381
43381
43421
43422
43442
43447
43451
43465
43468
43481
43521
43564
43590
43603
43612
43613
43628
43634
43637
43654
43662
43666
43674
43683
43708
43710
43721
43723
43739
43740
43762
43792
43793
43796
43844
43844
43871
43883
43893
43893
43936
43939
43991
43995
44011
44025
44037
44108
44108
44150
44169
44169
44176
44227
44236
44245
44246
44248
44257
44262
44267
44318
44331
44340
44366
44401
44423
44457
44462
44471
44478
44483
44493
44529
44551
44658
44663
44665
44688
44782
44815
44825
44858
44888
44889
44897
44915
44915
44968
44996
45032
45047
45052
45066
45165
45199
45212
45221
45234
45236
45237
45240
45240
45241
45245
45252
45255
45273
45274
45275
45285
45294
45314
45315
45380
45383
45403
45404
45423
45423
45427
45434
45450
45470
45490
45491
45503
45503
45503
45528
45540
45551
45559
45565
45571
45573
45573
45577
45584
45597
45611
45632
45653
45655
45662
45689
45730
45772
45822
45826
45826
45857
45859
45866
45909
45930
45951
45954
45975
45980
45985
45993
46023
46038
46042
46045
46045
46056
46059
46069
46078
46109
46136
46164
46181
46183
46186
46188
46195
46209
46231
46275
46281
46282
46304
46313
46376
46401
46430
46475
46492
46494
46494
46495
46513
46526
46570
46585
46595
46609
46629
46639
46643
46665
46677
46689
46699
46724
46753
46760
46761
46775
46800
46813
46849
46857
46868
46883
46883
46885
46912
46925
46936
46941
46963
46964
46976
47011
47012
47049
47082
47101
47140
47152
47233
47254
47276
47282
47292
47308
47348
47375
47376
47393
47403
47409
47422
47426
47433
47439
47446
47469
47483
47487
47491
47496
47557
47558
47566
47577
47595
47618
47621
47644
47674
47701
47794
47796
47807
47820
47825
47853
47854
47875
47879
47898
47913
47934
47977
47978
47980
47993
48012
48026
48036
48039
48086
48097
48130
48162
48163
48175
48178
48212
48214
48223
48225
48230
48236
48255
48289
48295
48331
48335
48335
48337
48363
48375
48386
48416
48448
48455
48457
48482
48491
48502
48507
48512
48520
48544
48570
48574
48590
48592
48613
48623
48632
48662
48665
48691
48710
48713
48716
48742
48750
48758
48776
48817
48823
48825
48831
48854
48893
48907
48923
48926
48940
48942
48947
48977
48998
48999
49015
49049
49062
49070
49103
49110
49111
49120
49133
49191
49199
49215
49225
49228
49234
49262
49288
49290
49290
49305
49310
49334
49344
49348
49349
49367
49401
49404
49418
49435
49440
49453
49456
49458
49462
49491
49511
49515
49539
49584
49585
49616
49631
49652
49661
49688
49696
49698
49709
49765
49789
49791
49805
49815
49824
49857
49861
49871
49897
49904
49920
49938
49943
49953
49995
50015
50054
50058
50063
50078
50091
50109
50130
50131
50133
50145
50155
50183
50185
50221
50232
50243
50248
50271
50284
50293
50314
50315
50427
50434
50457
50510
50510
50520
50526
50526
50526
50528
50548
50584
50595
50627
50629
50680
50687
50704
50711
50736
50737
50761
50761
50808
50838
50840
50852
50861
50899
50932
50957
50983
51012
51015
51033
51059
51076
51081
51140
51156
51193
51243
51247
51268
51284
51289
51302
51325
51345
51368
51370
51387
51388
51391
51396
51424
51438
51451
51454
51462
51470
51476
51502
51506
51508
51511
51522
51556
51613
51668
51682
51693
51709
51731
51754
51770
51772
51775
51776
51782
51787
51801
51813
51817
51825
51847
51851
51865
51867
51894
51908
51908
51916
51926
51927
51931
51940
51943
51965
51984
51993
51995
52003
52003
52018
52024
52032
52039
52056
52110
52117
52121
52138
52159
52181
52181
52188
52193
52204
52224
52235
52241
52250
52250
52269
52300
52305
52308
52323
52329
52329
52333
52340
52369
52399
52408
52413
52420
52427
52438
52440
52441
52447
52456
52472
52504
52507
52512
52518
52522
52529
52536
52556
52606
52634
52641
52662
52670
52706
52727
52731
52732
52798
52825
52853
52880
52894
52902
52964
52997
53002
53038
53040
53051
53072
53086
53101
53102
53121
53125
53151
53167
53176
53194
53206
53207
53250
53257
53277
53308
53328
53345
53346
53371
53402
53418
53427
53452
53479
53517
53528
53558
53560
53585
53597
53600
53639
53643
53650
53665
53682
53684
53688
53695
53728
53733
53759
53764
53767
53770
53772
53808
53876
53899
53958
53961
53990
54037
54051
54060
54064
54067
54080
54082
54101
54107
54172
54201
54230
54249
54271
54293
54323
54323
54328
54329
54362
54363
54390
54462
54466
54502
54506
54509
54526
54538
54549
54595
54621
54628
54667
54674
54703
54706
54713
54730
54730
54737
54740
54753
54762
54763
54780
54794
54801
54813
54816
54822
54836
54843
54853
54872
54900
54929
54947
54955
54968
54969
54980
55017
55045
55053
55055
55055
55063
55072
55099
55107
55123
55180
55182
55197
55271
55274
55301
55315
55333
55360
55360
55376
55386
55388
55428
55435
55437
55452
55465
55467
55475
55513
55534
55543
55585
55602
55620
55668
55676
55682
55701
55707
55715
55719
55773
55777
55799
55813
55854
55869
55870
55880
55897
55899
55930
55943
55949
55955
55968
55973
55975
55980
55990
56036
56039
56042
56046
56051
56065
56069
56070
56081
56087
56089
56100
56110
56134
56175
56194
56256
56269
56286
56322
56354
56407
56448
56449
56458
56485
56491
56510
56537
56554
56581
56592
56595
56612
56622
56628
56648
56649
56659
56666
56694
56700
56709
56721
56723
56728
56739
56748
56785
56802
56808
56817
56819
56822
56833
56863
56867
56886
56893
56895
56946
57004
57045
57045
57068
57112
57126
57132
57141
57161
57186
57187
57218
57260
57304
57310
57323
57333
57339
57357
57366
57378
57387
57394
57430
57432
57434
57435
57453
57466
57486
57487
57504
57512
57526
57528
57545
57561
57603
57646
57664
57685
57711
57730
57753
57776
57787
57789
57871
57890
57893
57932
58029
58069
58073
58123
58186
58200
58209
58225
58242
58254
58266
58301
58331
58337
58366
58392
58392
58396
58398
58406
58418
58424
58451
58452
58467
58493
58501
58518
58535
58552
58598
58640
58673
58693
58720
58730
58765
58778
58791
58797
58805
58809
58809
58863
58893
58909
58923
58926
58934
58938
58943
59004
59010
59019
59051
59090
59103
59115
59175
59209
59211
59243
59260
59264
59264
59272
59298
59305
59306
59394
59403
59426
59462
59463
59481
59519
59520
59521
59521
59552
59573
59579
59587
59607
59612
59613
59615
59623
59650
59662
59668
59669
59700
59703
59722
59819
59823
59872
59877
59918
59938
59939
59941
59962
59974
59998
60014
60026
60062
60081
60087
60120
60140
60161
60178
60183
60190
60194
60206
60233
60235
60263
60305
60337
60339
60347
60361
60364
60396
60428
60429
60439
60445
60449
60502
60505
60536
60554
60589
60619
60624
60626
60639
60651
60658
60685
60698
60724
60725
60744
60744
60753
60754
60757
60784
60788
60789
60792
60796
60798
60823
60824
60833
60835
60847
60860
60865
60901
60929
60940
60952
60953
60959
60976
60977
60987
60993
60994
61008
61028
61035
61089
61129
61165
61170
61181
61193
61224
61227
61249
61252
61278
61285
61313
61313
61340
61346
61349
61358
61367
61369
61385
61401
61402
61403
61410
61435
61491
61495
61495
61533
61575
61602
61667
61682
61725
61752
61756
61769
61772
61774
61775
61813
61826
61846
61849
61854
61865
61892
61893
61894
61911
61919
61930
61933
61965
61967
61974
62010
62022
62058
62058
62067
62075
62083
62086
62126
62157
62160
62171
62212
62217
62250
62250
62268
62276
62288
62306
62342
62367
62381
62397
62401
62418
62460
62469
62470
62476
62508
62519
62535
62589
62594
62634
62640
62647
62653
62674
62689
62690
62724
62730
62741
62741
62743
62754
62774
62782
62798
62803
62846
62850
62853
62856
62892
62903
62915
62950
62985
63004
63016
63016
63017
63030
63058
63069
63082
63086
63089
63116
63139
63153
63184
63184
63202
63207
63213
63228
63274
63315
63323
63324
63330
63344
63370
63395
63430
63490
63523
63576
63585
63595
63615
63621
63654
63657
63681
63698
63710
63717
63723
63741
63753
63756
63772
63777
63778
63791
63808
63833
63834
63836
63838
63891
63909
63918
63919
63975
63977
64028
64037
64098
64102
64117
64119
64124
64150
64188
64194
64196
64235
64250
64259
64318
64322
64329
64341
64354
64393
64435
64437
64469
64477
64482
64535
64546
64551
64552
64561
64582
64584
64610
64611
64625
64639
64692
64693
64697
64701
64707
64713
64722
64728
64756
64764
64776
64777
64777
64811
64812
64891
64891
64902
64918
64929
64935
64969
64971
64973
64996
65016
65099
65113
65162
65162
65196
65219
65250
65256
65259
65271
65281
65289
65296
65301
65314
65333
65334
65379
65383
65387
65413
65431
65447
65451
65458
65467
65484
65485
65501
65517
